		0  	1  	2  	3  	4  	5  	6  	7  	8  	9  	10  	11  	12  	13  	14  	15  	16  	17  	18  	19  	20  	21  	22  	23  	24  	25  	26  	27  	

Document 1  	0.0 	0.0 	0.0 	0.0 	0.0 	0.0 	0.0 	10.265 	0.0 	0.0 	0.0 	0.0 	0.0 	0.0 	0.0 	0.0 	0.0 	0.0 	0.0 	5.619 	0.0 	2.678 	1.022 	0.0 	0.0 	14.661 	4.017 	2.455 	

Document 2  	0.0 	0.0 	0.0 	0.0 	0.0 	0.0 	0.0 	0.669 	0.0 	0.0 	0.0 	0.0 	0.0 	0.0 	0.0 	0.0 	0.0 	0.0 	0.0 	0 	0.0 	0.223 	0 	0.0 	0.0 	0 	0 	0 	

Document 3  	0.0 	0.0 	0.0 	0.0 	0.0 	0.0 	0.0 	4.017 	0.0 	0.0 	0.0 	0.0 	0.0 	0.0 	0.0 	0.0 	0.0 	0.0 	0.0 	2.043 	0.0 	0.223 	1.022 	0.0 	0.0 	0 	1.116 	0.669 	

Document 4  	0.0 	0.0 	0.0 	0.0 	0.0 	0.0 	0.0 	0.223 	0.0 	0.0 	0.0 	0.0 	0.0 	0.0 	0.0 	0.0 	0.0 	0.0 	0.0 	8.173 	0.0 	2.455 	5.619 	0.0 	0.0 	0 	0.446 	0.446 	

Document 5  	0.0 	0.0 	0.0 	0.0 	0.0 	0.0 	0.0 	0 	0.0 	0.0 	0.0 	0.0 	0.0 	0.0 	0.0 	0.0 	0.0 	0.0 	0.0 	0 	0.0 	0 	0 	0.0 	0.0 	5.498 	1.116 	1.116 	



Keywords (in order):he na, ke liye, me to, ra hu, he to, bhi ni, he and, ha to, koi ni, he ye, ek bari, he wo, skta he, re he, kiya he, ra tha, kr ra, hota he, aa ra, se pooch, ni to, pooch le, bhai ek, gp pe, he kya, he was, ko bol, u r, 