		0	1	2	3	4	5	6	7	8	9	10	11	12	13	14	15	16	17	18	19	

Document 1	1966  	1264  	927  	738  	588  	585  	557  	526  	475  	417  	386  	368  	311  	227  	396  	399  	317  	250  	306  	

Document 2	997  	589  	569  	484  	235  	234  	102  	293  	235  	258  	274  	235  	233  	185  	218  	167  	171  	147  	125  	

Document 3	285  	134  	134  	127  	151  	151  	25  	40  	37  	59  	64  	61  	74  	63  	62  	37  	32  	43  	20  	

Document 4	347  	226  	180  	159  	69  	69  	50  	93  	43  	90  	102  	74  	65  	34  	88  	83  	79  	49  	57  	

Document 5	134  	64  	62  	69  	16  	16  	37  	36  	18  	22  	42  	28  	26  	32  	24  	25  	28  	33  	31  	

Document 6	



Keywords (in order):he, to, me, ni, media, omitted, the, bc, and, se, bhi, ka, kr, ra, ke, na, ki, tha, ko, 