		0  	1  	2  	3  	4  	5  	6  	7  	8  	9  	10  	11  	12  	13  	14  	15  	16  	17  	18  	19  	20  	21  	22  	23  	24  	25  	26  	27  	28  	29  	30  	31  	32  	33  	34  	35  	36  	37  	38  	39  	40  	41  	

Document 1  	1.116 	0.893 	0.669 	2.749 	4.828 	2.749 	3.219 	3.219 	3.219 	3.219 	0 	0 	0.0 	0 	0 	0.223 	0.223 	0 	0 	0.446 	0 	0 	0 	0 	0 	0.511 	0 	0 	0.446 	0 	0 	0 	0.511 	0 	0 	0.446 	0 	0 	0 	0.223 	0 	0 	

Document 2  	0 	0.223 	1.339 	0 	0 	0 	0 	0 	0 	0 	8.247 	3.576 	0.0 	2.043 	2.043 	0.893 	0.669 	1.532 	2.749 	0 	0 	0.511 	0 	0 	0 	0 	0 	0 	0 	0.446 	0 	0 	0 	0.511 	0 	0 	0 	0 	0 	0.223 	0 	0.916 	

Document 3  	0.223 	0 	0 	0 	0 	0 	0 	0 	0 	0 	0 	0 	0.0 	0 	0 	0 	0 	0 	0 	1.116 	2.043 	1.532 	2.749 	2.749 	4.828 	1.022 	3.219 	3.219 	0.446 	0.223 	0 	0 	0.511 	0 	1.022 	0.223 	0 	0.511 	0 	0 	0 	0 	

Document 4  	0.669 	0.669 	2.008 	0 	0 	0.916 	0 	0 	0 	0 	7.33 	0.511 	0.0 	3.065 	0.511 	0.446 	0.446 	1.022 	2.749 	0.223 	1.022 	0 	0.916 	0 	0 	0 	0 	0 	2.008 	1.562 	4.581 	8.047 	2.554 	2.554 	1.022 	0.446 	0.916 	1.022 	2.749 	0.893 	0.916 	0 	

Document 5  	0.223 	0.446 	2.008 	0.916 	0 	0 	0 	0 	0 	0 	0 	0.511 	0.0 	1.022 	0.511 	0.669 	0.223 	0.511 	0 	0.446 	1.022 	0.511 	0 	0.916 	0 	0.511 	0 	0 	0.446 	0.446 	0.916 	0 	0 	1.532 	3.065 	1.116 	4.581 	2.043 	3.665 	0.893 	3.665 	2.749 	



Keywords (in order):same u, sme u, bhej de, le aiyo, kl ball, ball le, last period, message you, period me, real bnde, bhej diyo, ka kaam, koi ni, pics bhej, kaam bhej, chl koi, bhai bhej, kam bhej, ka kam, tu bhi, he ha, bhai kl, he but, me drd, to tu, file attached, subhash nagar, monica mam, le ayiyo, he to, ek bari, mam ko, ho gya, he and, bhi ni, bta diyo, he kya, le liyo, bhai me, ra hu, he k, bhai meri, 