		0  	1  	2  	3  	4  	5  	6  	7  	8  	9  	10  	11  	12  	13  	14  	15  	16  	17  	18  	19  	

Document 1  	0.0 	0.0 	0.0 	0.0 	0.0 	0.0 	0.0 	0.0 	0.0 	0.0 	0.0 	0.0 	0.0 	0.0 	0.0 	0.0 	0.0 	0.0 	0 	0.0 	

Document 2  	0.0 	0.0 	0.0 	0.0 	0.0 	0.0 	0.0 	0.0 	0.0 	0.0 	0.0 	0.0 	0.0 	0.0 	0.0 	0.0 	0.0 	0.0 	1.562 	0.0 	

Document 3  	0.0 	0.0 	0.0 	0.0 	0.0 	0.0 	0.0 	0.0 	0.0 	0.0 	0.0 	0.0 	0.0 	0.0 	0.0 	0.0 	0.0 	0.0 	1.785 	0.0 	

Document 4  	0.0 	0.0 	0.0 	0.0 	0.0 	0.0 	0.0 	0.0 	0.0 	0.0 	0.0 	0.0 	0.0 	0.0 	0.0 	0.0 	0.0 	0.0 	6.917 	0.0 	

Document 5  	0.0 	0.0 	0.0 	0.0 	0.0 	0.0 	0.0 	0.0 	0.0 	0.0 	0.0 	0.0 	0.0 	0.0 	0.0 	0.0 	0.0 	0.0 	4.463 	0.0 	



Keywords (in order):he, me, ni, omitted, media, u, bhai, to, le, bhi, bhej, ka, ki, diyo, chl, ha, se, kr, and, ke, 